0 -3
0 -3
0 -3
0 -3
-3 -5
-5 -5
-1 1
-1 1
-1 1
0 4
4 5
4 5
4 5
4 5
4 5
4 5
-3 10
-3 10
-3 10
-3 10
-3 10
-1 8
-1 8
0 10
0 10
-3 8
-3 8
-3 10
-3 10
0 10
0 10
-9 15
-9 15
-9 16
-9 16
-11 16
-11 16
-11 12
-11 12
-11 12
-9 13
-9 13
-9 15
-9 15
-9 15
-9 15
3 -1
2 -2
3 -1
3 -1
3 -1
2 -2
3 -1
3 -1
3 -1
3 -1
12 4
14 5
15 5
12 7
12 7
12 7
12 7
11 8
11 8
11 8
11 8
11 8
-3 -2
-7 -1
-7 -1
-7 -1
-8 0
1 0
0 -1
2 3
1 0
1 0
3 -2
2 -3
2 -3
3 -2
3 -4
0 3
0 3
0 3
0 3
0 3
-4 6
-4 6
-6 11
-2 3
-2 3
-2 3
-2 3
1 -1
1 -1
1 -1
1 -1
1 -1
1 -1
1 -1
1 -1
6 -3
4 -3
0 4
0 4
0 4
0 4
